0 8 2 WHITE FEMALE 0.3097566629833016 4
Person 0 (friends with 35,31,29,26,22,3,107,51)
1 10 1 WHITE FEMALE 0.4689154662048274 3
Person 1 (friends with 22,75,48,33,25,38,70,94,4,15)
2 7 1 MINORITY MALE 0.3667082497858021 3
Person 2 (friends with 44,64,66,99,110,69,58)
3 12 1 MINORITY FEMALE 0.6902730455030683 5
Person 3 (friends with 95,12,31,48,59,115,8,0,53,34,83,96)
4 14 2 WHITE MALE 0.5573538667072303 2
Person 4 (friends with 19,72,80,48,46,83,71,25,112,95,5,28,1,57)
5 17 3 WHITE FEMALE 0.6794050450466672 3
Person 5 (friends with 84,95,120,73,107,112,67,17,114,4,24,27,30,13,11,49,25)
6 7 1 MINORITY FEMALE 0.21599836286824214 3
Person 6 (friends with 19,24,71,20,18,29,123)
7 12 2 WHITE FEMALE 0.41774319869195725 4
Person 7 (friends with 29,46,69,91,64,30,107,22,10,48,99,85)
8 20 4 WHITE FEMALE 0.7223387017028094 5
Person 8 (friends with 41,107,114,3,93,75,38,81,65,31,71,119,60,51,45,25,30,48,120,124)
9 13 0 WHITE MALE 0.5602912567289045 2
Person 9 (friends with 27,64,57,122,30,33,47,106,48,75,26,59,72)
10 9 1 MINORITY FEMALE 0.48788553891754205 5
Person 10 (friends with 11,79,30,34,39,115,101,7,67)
11 13 2 WHITE FEMALE 0.6466113008136763 3
Person 11 (friends with 49,24,79,110,10,39,30,64,56,124,100,38,5)
12 5 0 WHITE MALE 0.38763646591201895 5
Person 12 (friends with 74,97,3,91,17)
13 10 2 WHITE FEMALE 0.39042438385610345 2
Person 13 (friends with 60,53,113,39,109,48,5,76,63,89)
14 14 3 WHITE FEMALE 0.8038168444308498 4
Person 14 (friends with 51,83,124,38,112,54,74,46,22,27,117,20,59,50)
15 14 4 MINORITY MALE 0.6216168660994909 4
Person 15 (friends with 41,35,37,46,1,32,94,19,110,101,29,70,33,63)
16 3 0 WHITE FEMALE 0.006251711206030575 3
Person 16 (friends with 37,117,47)
17 12 1 WHITE FEMALE 0.6928945879907246 2
Person 17 (friends with 122,49,65,120,12,121,115,113,5,28,70,44)
18 7 0 MINORITY FEMALE 0.22968507605644795 2
Person 18 (friends with 91,47,68,6,65,78,74)
19 21 7 WHITE FEMALE 0.6776771996028514 3
Person 19 (friends with 24,4,6,60,33,76,94,65,41,34,38,48,83,35,71,15,119,93,113,116,104)
20 10 2 WHITE FEMALE 0.7067711760759321 4
Person 20 (friends with 79,39,31,124,14,118,88,6,24,35)
21 10 1 WHITE MALE 0.5647223168815988 4
Person 21 (friends with 39,90,104,117,68,56,66,29,52,62)
22 13 3 WHITE MALE 0.7848116000977738 4
Person 22 (friends with 1,96,29,49,74,91,0,53,31,69,7,14,107)
23 8 2 WHITE FEMALE 0.41650879732007234 4
Person 23 (friends with 86,56,111,37,64,80,39,66)
24 13 3 WHITE FEMALE 0.40467745668684246 4
Person 24 (friends with 49,34,19,11,84,33,28,97,6,20,5,70,82)
25 12 1 WHITE MALE 0.35097067223777917 2
Person 25 (friends with 1,110,48,8,95,32,4,46,99,30,5,57)
26 8 1 WHITE FEMALE 0.5219125505122043 5
Person 26 (friends with 68,90,81,61,85,103,0,9)
27 20 5 WHITE MALE 0.6864691097379482 5
Person 27 (friends with 81,5,38,85,123,43,113,82,31,109,28,14,87,84,34,9,118,74,41,101)
28 24 6 WHITE FEMALE 0.7914947122855139 5
Person 28 (friends with 39,31,44,122,70,64,121,107,47,27,17,104,65,4,75,76,95,45,24,33,98,82,60,58)
29 19 5 MINORITY MALE 0.7585565607288505 5
Person 29 (friends with 35,114,0,122,21,65,82,73,7,112,15,32,22,81,48,87,6,75,70)
30 14 2 WHITE MALE 0.5111902275129716 5
Person 30 (friends with 5,111,7,8,105,48,9,80,10,92,46,95,25,11)
31 16 3 WHITE MALE 0.5626054126344705 4
Person 31 (friends with 38,0,8,118,121,28,34,112,74,20,27,44,70,3,22,122)
32 14 1 WHITE MALE 0.5211580593331406 5
Person 32 (friends with 42,29,46,15,25,63,117,62,94,53,115,116,95,45)
33 13 0 WHITE MALE 0.4413725369905977 2
Person 33 (friends with 49,9,44,24,110,15,61,19,87,1,28,43,40)
34 13 2 WHITE MALE 0.4746593876741916 4
Person 34 (friends with 19,10,72,24,31,3,43,27,118,54,74,37,116)
35 18 5 WHITE MALE 0.6882272635298308 4
Person 35 (friends with 0,29,44,85,82,56,70,120,101,68,123,20,37,19,114,15,116,63)
36 5 0 WHITE MALE 0.519068214439587 4
Person 36 (friends with 54,88,103,112,87)
37 17 4 WHITE MALE 0.4798381130956737 5
Person 37 (friends with 99,94,52,114,50,16,86,78,15,117,63,46,34,23,97,35,119)
38 17 3 WHITE FEMALE 0.5340287646536381 4
Person 38 (friends with 31,93,27,8,11,53,82,123,60,65,66,46,1,14,45,19,55)
39 14 2 WHITE FEMALE 0.3691814107825072 3
Person 39 (friends with 90,20,124,28,21,23,56,61,64,10,13,91,93,11)
40 4 0 WHITE FEMALE 0.3870537474621001 2
Person 40 (friends with 66,64,89,33)
41 12 1 WHITE MALE 0.5844014396011503 4
Person 41 (friends with 15,77,101,82,54,68,118,19,106,27,8,65)
42 14 4 WHITE MALE 0.66821293924052 4
Person 42 (friends with 73,111,43,66,46,74,93,94,90,81,57,32,50,64)
43 12 2 WHITE MALE 0.6294675891734369 3
Person 43 (friends with 118,124,42,59,44,121,49,34,27,116,33,100)
44 16 3 WHITE FEMALE 0.41415382995544525 2
Person 44 (friends with 122,2,70,35,33,49,43,28,69,121,31,64,86,79,113,17)
45 14 3 WHITE FEMALE 0.4594141748947166 3
Person 45 (friends with 92,51,96,63,122,87,120,8,38,28,95,93,53,32)
46 25 5 WHITE FEMALE 0.6384619205851884 2
Person 46 (friends with 37,76,58,42,116,4,15,48,75,30,59,81,121,7,14,112,95,25,61,53,38,54,32,83,107)
47 5 0 WHITE MALE 0.4154327825761554 4
Person 47 (friends with 9,18,16,28,50)
48 27 8 WHITE FEMALE 0.7486890252807475 3
Person 48 (friends with 73,72,88,1,4,46,30,115,69,80,81,52,61,95,59,91,7,25,9,117,8,29,70,3,63,19,13)
49 9 2 WHITE FEMALE 0.3210934489514128 2
Person 49 (friends with 33,24,11,22,17,5,44,98,43)
50 8 1 WHITE FEMALE 0.5902240700988068 2
Person 50 (friends with 95,47,42,37,94,66,76,14)
51 16 2 WHITE MALE 0.6055159085689628 4
Person 51 (friends with 110,56,8,73,87,45,60,0,104,75,14,114,101,64,119,99)
52 12 2 WHITE MALE 0.5003166941830455 5
Person 52 (friends with 37,117,115,109,114,92,48,70,53,81,96,21)
53 15 0 WHITE FEMALE 0.4513583996799778 5
Person 53 (friends with 75,60,13,3,91,63,38,76,66,89,52,22,46,45,32)
54 12 0 WHITE FEMALE 0.39958659440543476 4
Person 54 (friends with 14,58,34,76,73,41,63,61,98,36,66,46)
55 3 0 WHITE MALE 0.3491027350761484 5
Person 55 (friends with 38,102,122)
56 17 4 MINORITY MALE 0.5990963142831631 4
Person 56 (friends with 21,117,121,105,23,51,89,35,39,124,114,103,11,74,71,70,104)
57 11 3 WHITE MALE 0.578758887273759 5
Person 57 (friends with 61,119,84,64,9,42,113,4,73,77,25)
58 10 1 WHITE FEMALE 0.3377859769409014 3
Person 58 (friends with 61,46,2,54,86,115,76,63,113,28)
59 16 3 MINORITY MALE 0.48403068830626217 3
Person 59 (friends with 43,61,119,118,76,46,91,64,70,113,48,104,3,14,9,97)
60 12 3 WHITE MALE 0.5304353935891539 2
Person 60 (friends with 13,53,8,75,38,68,92,51,19,28,89,102)
61 15 1 WHITE MALE 0.5355997477036026 2
Person 61 (friends with 57,59,124,39,54,70,58,46,64,33,48,73,84,26,80)
62 7 0 WHITE MALE 0.23506203706844997 2
Person 62 (friends with 88,75,63,32,67,120,21)
63 20 2 WHITE MALE 0.7504277123520763 5
Person 63 (friends with 62,35,48,76,58,116,54,37,124,66,89,113,53,45,13,94,82,32,122,15)
64 23 6 WHITE FEMALE 0.7091901991117312 5
Person 64 (friends with 97,124,2,9,57,51,39,28,119,44,73,71,61,7,42,23,79,122,59,11,95,40,114)
65 17 2 WHITE FEMALE 0.6349710211310244 2
Person 65 (friends with 79,91,101,18,110,121,28,19,41,29,8,103,17,93,113,38,107)
66 14 7 WHITE MALE 0.7990656881776084 2
Person 66 (friends with 73,2,63,81,54,42,21,23,38,40,87,53,111,50)
67 7 0 WHITE FEMALE 0.4800952744865966 4
Person 67 (friends with 76,5,100,103,62,10,91)
68 10 0 WHITE FEMALE 0.6513836368888637 4
Person 68 (friends with 97,26,101,60,112,21,18,41,35,110)
69 8 1 WHITE FEMALE 0.5637810963434975 3
Person 69 (friends with 91,7,22,44,77,74,48,2)
70 20 7 MINORITY FEMALE 0.8185724010955704 3
Person 70 (friends with 44,95,87,28,59,56,1,17,61,15,35,52,121,48,72,29,75,31,106,24)
71 8 0 WHITE FEMALE 0.3789831818875108 5
Person 71 (friends with 111,19,8,56,74,64,6,4)
72 6 1 WHITE MALE 0.4767772172565556 2
Person 72 (friends with 34,4,48,70,95,9)
73 18 3 WHITE FEMALE 0.6355872879359845 2
Person 73 (friends with 48,88,83,79,5,81,114,64,66,29,42,84,111,93,51,61,57,54)
74 15 4 MINORITY FEMALE 0.6086308762023565 4
Person 74 (friends with 76,42,18,14,22,34,83,12,31,77,69,71,112,56,27)
75 15 6 WHITE FEMALE 0.6584380351279925 2
Person 75 (friends with 60,1,51,28,29,87,8,62,76,53,46,9,70,94,95)
76 16 2 MINORITY FEMALE 0.6693260656354729 5
Person 76 (friends with 74,59,54,13,50,75,86,58,19,28,46,113,63,67,96,53)
77 6 0 WHITE FEMALE 0.3527919930534964 3
Person 77 (friends with 74,91,69,57,41,81)
78 5 0 WHITE FEMALE 0.5550751076039324 2
Person 78 (friends with 104,115,37,113,18)
79 9 2 MINORITY FEMALE 0.6351836114668652 2
Person 79 (friends with 64,20,65,10,44,73,124,93,11)
80 6 1 MINORITY MALE 0.6259422589271686 5
Person 80 (friends with 30,120,23,48,61,4)
81 18 3 WHITE FEMALE 0.5826543846457423 4
Person 81 (friends with 27,77,83,46,73,84,26,114,42,52,8,107,48,29,66,94,109,118)
82 13 1 MINORITY FEMALE 0.6538500833098098 5
Person 82 (friends with 35,105,41,106,29,27,96,63,101,38,28,24,122)
83 10 2 WHITE MALE 0.4042693795584701 3
Person 83 (friends with 46,74,14,19,81,3,93,73,4,108)
84 9 1 WHITE MALE 0.34653654144401347 5
Person 84 (friends with 73,5,24,61,112,27,57,81,101)
85 7 1 WHITE MALE 0.38110759237391834 5
Person 85 (friends with 120,26,35,7,107,87,27)
86 9 3 WHITE MALE 0.5424552751550127 3
Person 86 (friends with 58,96,23,37,124,87,76,44,93)
87 17 5 WHITE MALE 0.7622780981849688 5
Person 87 (friends with 119,66,112,102,45,36,96,33,113,70,75,86,27,94,51,29,85)
88 6 1 WHITE FEMALE 0.44658578454050607 2
Person 88 (friends with 73,62,48,36,20,100)
89 7 2 WHITE FEMALE 0.6068259433324569 4
Person 89 (friends with 63,40,56,13,53,107,60)
90 6 0 WHITE MALE 0.35543273332084757 2
Person 90 (friends with 113,42,26,21,39,94)
91 15 0 WHITE MALE 0.46661002911993765 2
Person 91 (friends with 119,69,18,7,77,65,39,101,22,48,12,53,59,67,100)
92 5 1 WHITE FEMALE 0.41694954964956166 2
Person 92 (friends with 60,30,99,52,45)
93 13 3 MINORITY FEMALE 0.697439795513816 4
Person 93 (friends with 86,42,124,45,8,104,38,73,19,83,79,65,39)
94 16 4 MINORITY MALE 0.7157893782984656 3
Person 94 (friends with 87,116,32,37,15,81,50,95,19,42,1,63,75,90,112,103)
95 19 4 WHITE FEMALE 0.6523043258889074 3
Person 95 (friends with 25,72,3,50,45,96,94,70,28,114,46,4,48,121,5,30,75,64,32)
96 11 0 WHITE FEMALE 0.1863620372753127 2
Person 96 (friends with 86,22,45,52,76,82,105,87,95,110,3)
97 7 0 WHITE MALE 0.37863628339793143 4
Person 97 (friends with 68,64,24,12,105,37,59)
98 3 0 WHITE MALE 0.457136953829671 2
Person 98 (friends with 54,49,28)
99 6 0 WHITE FEMALE 0.4618486394338014 3
Person 99 (friends with 7,2,51,37,92,25)
100 7 0 WHITE MALE 0.4095551401125338 1
Person 100 (friends with 67,91,11,88,43,118,121)
101 12 0 WHITE MALE 0.48198608651611374 1
Person 101 (friends with 114,15,68,10,65,82,41,91,35,51,84,27)
102 4 0 WHITE MALE 0.05818040786556977 1
Person 102 (friends with 55,87,109,60)
103 7 0 WHITE FEMALE 0.3675124177956214 1
Person 103 (friends with 67,36,56,65,94,26,111)
104 11 2 WHITE MALE 0.47105066260022666 1
Person 104 (friends with 78,124,21,28,59,51,93,106,110,56,19)
105 6 1 MINORITY FEMALE 0.578596651366814 1
Person 105 (friends with 82,96,97,56,30,110)
106 7 0 MINORITY FEMALE 0.46812690535189444 1
Person 106 (friends with 41,119,9,82,111,70,104)
107 11 2 WHITE FEMALE 0.6213216938060087 1
Person 107 (friends with 0,8,46,5,89,65,7,85,28,81,22)
108 3 0 WHITE FEMALE 0.22860554939276945 1
Person 108 (friends with 122,113,83)
109 6 0 WHITE MALE 0.3812810763999428 1
Person 109 (friends with 81,13,52,27,102,117)
110 14 3 WHITE MALE 0.6824714198420794 1
Person 110 (friends with 96,33,114,104,15,2,25,11,65,51,68,124,105,115)
111 8 0 WHITE FEMALE 0.5492055631836996 1
Person 111 (friends with 42,30,71,23,66,106,103,73)
112 13 1 WHITE FEMALE 0.5207247048930015 1
Person 112 (friends with 84,36,14,5,87,31,118,68,46,4,74,29,94)
113 18 5 WHITE MALE 0.7498119100909735 1
Person 113 (friends with 13,122,27,87,116,65,58,44,78,19,90,108,59,63,118,76,57,17)
114 15 4 MINORITY MALE 0.6042426953021138 1
Person 114 (friends with 101,73,29,95,37,118,56,35,5,51,81,8,52,64,110)
115 9 0 WHITE FEMALE 0.5198274933239806 1
Person 115 (friends with 78,52,10,58,32,3,17,48,110)
116 11 2 WHITE MALE 0.5087297528119585 1
Person 116 (friends with 63,46,123,43,113,94,32,117,35,19,34)
117 10 0 MINORITY FEMALE 0.5178388229086975 1
Person 117 (friends with 52,16,116,56,37,109,48,21,32,14)
118 12 2 WHITE FEMALE 0.5126567917906429 1
Person 118 (friends with 59,20,27,41,114,112,43,34,113,31,81,100)
119 10 3 WHITE MALE 0.7240137500670392 1
Person 119 (friends with 91,51,64,87,37,19,57,106,59,8)
120 8 2 WHITE FEMALE 0.3416563749398631 1
Person 120 (friends with 85,80,35,8,62,17,45,5)
121 12 1 WHITE FEMALE 0.5649480928451857 1
Person 121 (friends with 70,46,17,44,28,43,122,100,56,31,95,65)
122 14 4 WHITE FEMALE 0.4857220901519889 1
Person 122 (friends with 44,113,45,28,55,121,29,64,17,9,63,108,31,82)
123 5 0 WHITE FEMALE 0.3185840994118577 1
Person 123 (friends with 38,35,6,116,27)
124 15 2 WHITE MALE 0.5338241820694651 1
Person 124 (friends with 43,20,64,56,8,79,104,93,63,39,11,14,86,61,110)
